(1380,14)
(1699,18)
(-288,5)
(1796,32)
(736,3)
(1245,5)
(-83,4)
(312,9)
(1486,7)
(627,5)
(317,4)
(436,3)
(717,6)
(672,3)
(191,5)
(1077,20)
(1688,25)
(1240,7)
(1615,25)
(-117,1)
(-211,8)
(1918,124)
(-150,10)
(-178,2)
(1554,12)
(1655,28)
(989,3)
(1116,8)
(1389,17)
(642,10)
(1596,19)
(1104,10)
(1958,159)
(792,3)
(1706,5)
(582,4)
(466,6)
(1308,8)
(831,7)
(1471,15)
(1002,15)
(1445,4)
(1587,13)
(1601,11)
(685,13)
(1930,91)
(1415,11)
(1917,122)
(-196,7)
(178,5)
(749,3)
(31,5)
(1472,8)
(-266,4)
(1927,96)
(263,3)
(1275,22)
(789,8)
(556,3)
(884,6)
(33,4)
(1277,8)
(383,11)
(1747,17)
(788,4)
(271,12)
(1962,175)
(91,4)
(1402,20)
(1619,22)
(290,4)
(1027,8)
(1241,11)
(1480,8)
(1426,5)
(874,6)
(929,3)
(729,1)
(-55,9)
(801,2)
(1151,6)
(2003,163)
(1384,10)
(1572,20)
(1712,12)
(-255,7)
(1546,8)
(1013,9)
(636,6)
(1056,6)
(-42,11)
(791,2)
(406,10)
(1150,20)
(1769,20)
(10,7)
(980,9)
(-300,7)
(1351,11)
(1836,49)
(-290,2)
(490,9)
(259,8)
(-254,2)
(-272,7)
(186,3)
(1622,33)
(1317,3)
(352,7)
(174,3)
(730,5)
(-225,4)
(1809,57)
(254,3)
(1280,10)
(1928,98)
(1990,250)
(-77,4)
(498,6)
(413,5)
(471,7)
(939,6)
(1017,9)
(-203,6)
(1804,37)
(1584,14)
(1121,6)
(1288,13)
(1971,247)
(1188,9)
(194,6)
(1691,14)
(1074,4)
(1535,20)
(1139,4)
(-15,6)
(1956,123)
(1066,17)
(843,8)
(1346,18)
(1347,17)
(1736,25)
(858,5)
(938,2)
(825,3)
(222,5)
(-133,5)
(1123,11)
(410,12)
(104,6)
(535,16)
(-41,4)
(947,4)
(1140,10)
(-175,5)
(1200,5)
(1513,17)
(1497,16)
(1354,8)
(544,6)
(637,5)
(-182,1)
(240,6)
(1846,35)
(1998,64)
(900,21)
(665,5)
(1070,10)
(105,11)
(1428,8)
(-59,5)
(1001,32)
(-269,1)
(1375,10)
(1949,126)
(400,16)
(-207,6)
(623,3)
(748,4)
(577,3)
(918,2)
(-260,7)
(1875,44)
(500,14)
(72,6)
(1324,2)
(-82,6)
(160,4)
(1286,9)
(1391,17)
(1430,12)
(1636,14)
(-45,6)
(1868,73)
(1607,27)
(1552,17)
(489,6)
(1968,163)
(928,8)
(570,6)
(-128,4)
(1132,11)
(1247,12)
(690,3)
(446,6)
(692,3)
(905,8)
(1411,6)
(88,6)
(157,1)
(4,14)
(315,8)
(454,4)
(809,3)
(742,12)
(358,6)
(-223,7)
(1680,10)
(631,2)
(754,5)
(1012,9)
(787,3)
(1379,7)
(376,9)
(854,6)
(1969,189)
(1187,19)
(1367,7)
(1729,13)
(170,7)
(933,5)
(1115,11)
(1461,14)
(1819,22)
(185,10)
(266,2)
(1980,163)
(1532,13)
(-70,4)
(-143,1)
(661,6)
(1399,16)
(712,5)
(594,3)
(311,8)
(1339,5)
(1301,4)
(460,13)
(756,8)
(64,8)
(215,4)
(1825,28)
(-241,9)
(343,3)
(1080,10)
(857,2)
(1273,9)
(1752,9)
(1808,45)
(1941,217)
(1758,23)
(1361,6)
(1221,12)
(859,4)
(340,5)
(775,9)
(1892,63)
(1679,10)
(397,9)
(1824,30)
(1635,17)
(958,5)
(68,15)
(1732,7)
(1944,255)
(363,10)
(1278,9)
(1695,14)
(1190,16)
(773,3)
(144,7)
(427,5)
(-256,4)
(1297,8)
(907,10)
(499,3)
(-36,12)
(467,4)
(-198,5)
(1590,15)
(1859,60)
(238,12)
(-84,1)
(1133,7)
(741,10)
(703,2)
(-136,1)
(1311,4)
(1175,11)
(1908,39)
(324,6)
(1397,14)
(1078,5)
(1377,23)
(1462,5)
(1780,31)
(305,11)
(-73,3)
(-201,8)
(411,8)
(1828,17)
(700,11)
(25,6)
(1487,13)
(983,9)
(999,6)
(1225,3)
(1496,12)
(1007,8)
(713,8)
(330,7)
(1149,6)
(1239,6)
(1580,13)
(813,9)
(1448,10)
(-263,6)
(1693,15)
(1016,11)
(1018,12)
(-285,3)
(872,6)
(-124,3)
(539,4)
(-271,2)
(-242,2)
(-274,4)
(1610,23)
(389,1)
(338,7)
(-228,5)
(814,5)
(1467,9)
(76,5)
(-295,3)
(1598,15)
(-209,6)
(824,7)
(1469,11)
(1113,8)
(552,8)
(865,5)
(1052,3)
(885,4)
(1041,5)
(1386,17)
(1592,19)
(1026,5)
(204,5)
(16,5)
(1199,3)
(1044,3)
(439,11)
(175,6)
(1582,20)
(-62,7)
(1195,4)
(1900,99)
(705,6)
(553,4)
(247,5)
(1319,2)
(919,10)
(1542,17)
(200,14)
(306,14)
(-191,8)
(1475,7)
(464,4)
(-173,2)
(-282,5)
(1306,8)
(261,6)
(969,8)
(726,8)
(293,15)
(1909,25)
(1916,88)
(-52,9)
(146,4)
(-161,7)
(990,3)
(1261,12)
(245,4)
(40,11)
(468,9)
(1763,18)
(765,3)
(50,18)
(1526,12)
(87,4)
(1707,15)
(923,3)
(-218,11)
(480,10)
(-114,2)
(1783,32)
(1130,5)
(1118,52)
(659,2)
(482,2)
(12,6)
(347,3)
(474,7)
(1608,21)
(1183,8)
(1307,8)
(1657,26)
(1258,10)
(2002,143)
(1570,14)
(1457,8)
(161,5)
(417,4)
(574,4)
(1965,250)
(96,9)
(19,9)
(531,12)
(-16,4)
(757,7)
(463,2)
(505,4)
(-5,1)
(-27,7)
(-158,2)
(1079,6)
(230,6)
(1677,22)
(1890,58)
(93,4)
(867,4)
(604,9)
(1153,13)
(525,10)
(-38,5)
(81,4)
(658,4)
(244,11)
(621,3)
(1337,8)
(-81,3)
(208,9)
(166,11)
(1775,42)
(1355,8)
(84,7)
(412,10)
(1081,6)
(-165,2)
(893,6)
(1185,14)
(612,7)
(415,8)
(1068,3)
(60,16)
(1500,12)
(1091,10)
(769,2)
(954,4)
(1452,10)
(-110,2)
(1682,17)
(147,5)
(2006,64)
(1459,4)
(1010,13)
(1102,12)
(1173,11)
(196,6)
(212,5)
(152,3)
(1446,10)
(564,1)
(720,5)
(-164,6)
(-48,16)
(1671,6)
(596,2)
(-206,11)
(1733,6)
(-7,1)
(491,6)
(478,4)
(1238,11)
(1422,9)
(450,11)
(-29,7)
(1289,10)
(1470,10)
(1955,107)
(1214,10)
(1515,13)
(1519,22)
(1881,59)
(145,6)
(862,5)
(678,6)
(1893,74)
(1632,25)
(839,6)
(1837,25)
(149,1)
(434,7)
(-118,3)
(806,9)
(187,6)
(487,4)
(991,2)
(258,9)
(1186,6)
(647,2)
(649,5)
(1405,9)
(414,7)
(1876,64)
(1128,8)
(1678,13)
(2004,222)
(1269,9)
(1357,12)
(851,7)
(235,7)
(-26,9)
(615,7)
(934,5)
(1798,34)
(475,10)
(1843,38)
(1385,14)
(379,11)
(618,4)
(90,10)
(137,1)
(578,3)
(1565,14)
(470,4)
(619,8)
(750,7)
(1711,19)
(342,6)
(1292,7)
(770,3)
(1550,11)
(-298,6)
(1193,8)
(1145,12)
(1744,11)
(1642,22)
(192,6)
(1987,147)
(1833,26)
(225,2)
(181,3)
(1167,12)
(38,5)
(70,24)
(43,11)
(353,4)
(509,1)
(1179,9)
(-234,8)
(1589,10)
(1743,9)
(1738,12)
(1765,20)
(1852,40)
(1616,116)
(1395,14)
(391,6)
(282,6)
(82,5)
(232,4)
(346,5)
(766,3)
(1952,115)
(426,6)
(190,9)
(753,3)
(799,1)
(1290,13)
(664,3)
(301,7)
(1647,13)
(1929,55)
(494,6)
(875,5)
(355,7)
(1390,19)
(1124,8)
(503,4)
(357,10)
(1556,17)
(1643,25)
(1514,11)
(-123,3)
(1085,7)
(847,4)
(-61,3)
(784,4)
(-283,5)
(956,1)
(691,3)
(815,2)
(-160,10)
(1975,176)
(472,5)
(1499,16)
(1827,24)
(428,11)
(18,8)
(852,3)
(1295,8)
(1053,3)
(1726,12)
(838,7)
(1192,8)
(1528,21)
(1873,67)
(-262,6)
(71,10)
(1983,135)
(1669,17)
(448,7)
(299,3)
(644,2)
(-88,5)
(111,2)
(350,10)
(477,7)
(601,5)
(-146,4)
(-145,3)
(-259,2)
(1320,7)
(-216,13)
(125,11)
(917,2)
(1416,4)
(1073,9)
(931,5)
(458,7)
(1414,7)
(1335,13)
(979,5)
(1282,17)
(98,8)
(203,7)
(-57,10)
(199,6)
(1440,9)
(-243,4)
(1493,8)
(1641,18)
(902,6)
(1410,6)
(963,8)
(233,1)
(515,7)
(1216,10)
(1015,5)
(1483,18)
(1991,282)
(1795,44)
(1316,7)
(613,7)
(2012,34)
(1913,73)
(492,3)
(1341,11)
(296,5)
(802,7)
(210,1)
(-251,4)
(1739,13)
(1127,8)
(1840,43)
(398,6)
(808,2)
(453,5)
(1579,8)
(977,4)
(1618,16)
(452,5)
(826,2)
(993,1)
(329,2)
(1159,4)
(362,6)
(1778,22)
(1823,20)
(1884,47)
(206,3)
(1512,20)
(1901,92)
(1723,8)
(1037,6)
(-210,8)
(1107,9)
(52,9)
(1223,5)
(704,4)
(-95,4)
(321,7)
(1807,33)
(1147,13)
(1309,5)
(943,4)
(818,3)
(1820,38)
(877,7)
(278,3)
(1234,8)
(1943,171)
(-51,4)
(879,5)
(243,5)
(-202,11)
(1686,11)
(1630,25)
(1717,20)
(387,6)
(585,6)
(1985,125)
(985,6)
(1284,16)
(901,13)
(1370,11)
(1670,15)
(168,3)
(1406,8)
(546,6)
(602,2)
(1312,8)
(252,4)
(746,8)
(1310,6)
(1849,46)
(1600,16)
(1953,122)
(1314,8)
(549,7)
(1363,10)
(527,10)
(1502,21)
(957,3)
(603,6)
(521,5)
(1539,14)
(250,15)
(140,7)
(1101,12)
(640,7)
(-71,3)
(971,5)
(529,9)
(1925,70)
(1947,136)
(65,10)
(1518,7)
(1963,173)
(1993,210)
(303,8)
(359,7)
(1814,48)
(-151,6)
(-9,4)
(67,12)
(1761,15)
(5,8)
(-116,2)
(1479,7)
(1030,7)
(1138,9)
(510,3)
(1882,56)
(-101,2)
(563,3)
(1396,22)
(85,4)
(1862,88)
(1603,19)
(309,6)
(739,7)
(380,16)
(1218,13)
(1967,283)
(894,4)
(-56,4)
(1435,8)
(198,4)
(1768,15)
(1710,8)
(-270,2)
(1231,7)
(469,4)
(-286,3)
(1178,8)
(1895,64)
(113,7)
(598,1)
(228,3)
(727,2)
(1511,14)
(1805,28)
(759,6)
(-188,5)
(1525,17)
(1294,9)
(1165,11)
(-227,7)
(291,2)
(1813,42)
(-162,5)
(752,6)
(949,3)
(868,9)
(-246,10)
(1438,10)
(1777,24)
(1676,33)
(537,8)
(870,11)
(779,3)
(915,3)
(-169,3)
(1966,309)
(339,3)
(189,8)
(961,8)
(29,3)
(-224,2)
(-44,13)
(1111,8)
(616,11)
(1144,13)
(1155,7)
(715,10)
(179,6)
(442,5)
(485,5)
(1110,8)
(1491,11)
(1158,11)
(1203,12)
(483,3)
(873,3)
(1745,12)
(1226,7)
(1171,9)
(325,7)
(1484,11)
(1700,27)
(142,5)
(804,6)
(1181,7)
(1097,9)
(516,3)
(1871,56)
(1750,23)
(1571,13)
(-235,5)
(408,10)
(304,7)
(1719,13)
(425,9)
(437,6)
(850,5)
(973,4)
(534,10)
(967,14)
(1645,31)
(126,1)
(786,3)
(1937,114)
(1995,163)
(912,5)
(1227,7)
(-40,12)
(600,21)
(1054,8)
(1114,6)
(1684,15)
(1821,31)
(405,11)
(1536,29)
(1162,7)
(1206,12)
(46,7)
(533,10)
(373,7)
(1331,6)
(-6,2)
(219,9)
(1299,11)
(1771,22)
(701,8)
(318,5)
(732,3)
(1442,6)
(136,8)
(1374,11)
(-64,4)
(1023,4)
(944,9)
(1573,20)
(567,5)
(49,9)
(1303,9)
(224,1)
(1838,26)
(97,6)
(863,8)
(758,6)
(-172,3)
(1692,9)
(280,11)
(611,1)
(255,1)
(54,14)
(683,4)
(-53,10)
(-154,5)
(1569,14)
(438,7)
(-171,5)
(1774,18)
(1516,13)
(940,5)
(1252,13)
(1248,12)
(1423,5)
(1372,8)
(-236,2)
(1369,11)
(1832,31)
(-12,7)
(1271,12)
(1830,32)
(1631,24)
(205,5)
(1760,24)
(1786,25)
(803,5)
(236,6)
(771,2)
(620,3)
(117,9)
(392,4)
(1872,46)
(1773,23)
(1425,4)
(995,6)
(1141,7)
(80,10)
(643,5)
(1412,6)
(455,13)
(337,8)
(241,6)
(721,6)
(130,13)
(764,5)
(1857,43)
(1279,14)
(1366,10)
(327,4)
(-200,20)
(265,5)
(-91,4)
(300,20)
(1564,7)
(811,3)
(30,8)
(1174,14)
(-244,4)
(536,14)
(1072,9)
(1727,19)
(1604,13)
(-104,4)
(77,8)
(260,18)
(1545,8)
(1063,7)
(-281,6)
(1358,9)
(722,6)
(1008,8)
(234,3)
(743,4)
(394,8)
(251,7)
(385,9)
(925,6)
(942,4)
(1737,16)
(1595,11)
(106,7)
(-79,2)
(390,8)
(1594,14)
(514,4)
(407,5)
(1547,11)
(959,3)
(-135,2)
(1652,7)
(51,8)
(141,4)
(-72,3)
(227,3)
(-233,1)
(-80,6)
(156,1)
(1429,11)
(-214,10)
(1640,12)
(1757,19)
(1039,3)
(1495,12)
(1877,37)
(864,6)
(2009,80)
(1698,17)
(614,5)
(622,4)
(-231,2)
(1202,14)
(1617,11)
(451,9)
(1444,15)
(-155,3)
(1946,154)
(1894,49)
(118,9)
(674,9)
(911,5)
(1856,59)
(547,7)
(1182,13)
(1650,22)
(1891,53)
(1936,79)
(386,10)
(833,4)
(1229,11)
(154,6)
(835,4)
(772,4)
(1129,4)
(127,4)
(1801,30)
(866,8)
(1972,244)
(1287,18)
(1741,12)
(-296,2)
(83,6)
(1997,171)
(569,5)
(745,2)
(1217,14)
(2010,51)
(1746,14)
(1219,9)
(-180,8)
(1096,10)
(133,2)
(1419,7)
(922,1)
(1817,27)
(1368,9)
(402,9)
(1896,57)
(1865,70)
(401,8)
(-149,5)
(1638,28)
(461,9)
(1534,19)
(1264,19)
(1549,13)
(365,7)
(26,3)
(913,5)
(1697,16)
(996,9)
(1100,31)
(1533,18)
(652,7)
(1531,20)
(1473,7)
(558,5)
(1751,13)
(316,7)
(845,5)
(1713,13)
(384,13)
(1620,26)
(-276,3)
(14,12)
(1315,17)
(588,7)
(-170,6)
(1164,11)
(1272,8)
(218,4)
(1979,182)
(559,4)
(1263,15)
(1191,14)
(1055,8)
(1702,16)
(2,9)
(1672,14)
(1009,8)
(1696,26)
(-75,6)
(978,6)
(1989,292)
(1084,8)
(1851,42)
(716,7)
(1242,17)
(680,9)
(440,11)
(542,3)
(1668,10)
(565,8)
(1172,5)
(109,5)
(1103,7)
(143,3)
(1835,47)
(682,7)
(430,8)
(1095,9)
(1251,11)
(557,2)
(1069,7)
(1976,194)
(1401,9)
(1599,12)
(1870,62)
(698,9)
(248,4)
(1220,20)
(1050,6)
(695,4)
(1253,18)
(1866,43)
(607,6)
(684,7)
(998,4)
(78,8)
(837,5)
(-121,5)
(1767,7)
(1867,55)
(418,4)
(-139,3)
(526,9)
(114,6)
(708,8)
(1180,15)
(1076,12)
(273,10)
(528,7)
(1863,86)
(584,7)
(1148,9)
(1119,12)
(1321,3)
(1816,25)
(456,9)
(1625,29)
(62,12)
(540,10)
(1184,11)
(1222,11)
(-103,3)
(-267,1)
(-2,4)
(-65,3)
(795,3)
(734,1)
(-250,8)
(41,11)
(762,3)
(1566,9)
(279,2)
(1803,28)
(1567,17)
(1734,6)
(2001,103)
(193,13)
(479,4)
(836,7)
(1394,18)
(1912,45)
(1466,8)
(1062,4)
(1051,4)
(465,8)
(1122,5)
(984,5)
(1061,8)
(-105,3)
(101,5)
(-239,8)
(1019,9)
(-204,5)
(1060,8)
(112,5)
(1266,7)
(502,10)
(550,12)
(344,5)
(1213,6)
(1613,21)
(1285,11)
(1482,7)
(1451,9)
(1215,12)
(1105,8)
(1666,18)
(1212,12)
(1756,19)
(167,6)
(493,8)
(294,4)
(639,6)
(888,3)
(1898,51)
(832,6)
(444,8)
(676,5)
(1434,10)
(855,7)
(388,8)
(-226,7)
(69,21)
(975,5)
(1283,17)
(1782,24)
(747,6)
(284,7)
(36,5)
(876,1)
(-156,1)
(-249,2)
(1568,19)
(974,12)
(1759,31)
(1907,29)
(1903,53)
(1704,18)
(396,5)
(662,2)
(1964,236)
(714,6)
(226,4)
(172,7)
(686,4)
(1323,6)
(568,8)
(1905,67)
(-291,2)
(572,6)
(139,3)
(1889,79)
(520,9)
(1464,9)
(443,3)
(1387,10)
(1256,11)
(1787,30)
(1577,6)
(1000,28)
(823,2)
(1362,19)
(-78,4)
(-273,2)
(1520,22)
(1914,148)
(1456,11)
(375,11)
(58,12)
(370,9)
(-144,2)
(1776,46)
(1029,1)
(1954,126)
(890,6)
(1087,9)
(1586,15)
(-289,1)
(378,21)
(-277,2)
(1855,39)
(-126,2)
(201,3)
(488,8)
(202,9)
(1685,15)
(116,7)
(1740,16)
(-74,7)
(1728,11)
(633,6)
(-98,3)
(518,4)
(575,5)
(209,3)
(1237,12)
(992,4)
(257,9)
(182,2)
(869,7)
(1108,8)
(953,3)
(1143,10)
(1276,14)
(1492,24)
(768,5)
(148,2)
(590,10)
(24,7)
(239,3)
(635,4)
(1201,5)
(878,8)
(593,7)
(-19,3)
(555,6)
(-113,5)
(1694,11)
(1970,257)
(675,13)
(1356,12)
(1359,13)
(530,12)
(364,8)
(798,6)
(1232,9)
(790,3)
(27,6)
(-20,6)
(538,7)
(-181,3)
(-194,8)
(670,7)
(323,3)
(79,9)
(-177,3)
(381,10)
(-119,4)
(404,6)
(1014,11)
(-197,6)
(1344,8)
(1822,30)
(1864,81)
(-85,1)
(449,7)
(512,6)
(1089,7)
(289,3)
(697,4)
(1067,12)
(1458,8)
(660,8)
(348,3)
(424,4)
(277,3)
(159,2)
(632,8)
(-24,2)
(-39,3)
(1673,25)
(1352,14)
(1639,19)
(1517,10)
(56,3)
(1847,37)
(447,10)
(-184,4)
(3,7)
(1131,8)
(-213,4)
(657,6)
(1455,7)
(1561,16)
(819,3)
(1575,18)
(176,3)
(66,13)
(1797,21)
(610,7)
(1490,18)
(1031,4)
(-106,2)
(1922,115)
(220,8)
(-193,6)
(673,4)
(699,2)
(628,4)
(1267,11)
(158,2)
(681,7)
(777,2)
(100,21)
(597,2)
(320,8)
(669,1)
(211,9)
(1135,14)
(711,6)
(1304,6)
(981,6)
(1724,16)
(1665,24)
(1812,43)
(932,3)
(1364,9)
(1468,7)
(1338,4)
(441,10)
(-102,3)
(-107,2)
(1098,9)
(307,5)
(1854,51)
(1770,20)
(-96,4)
(-294,6)
(1177,16)
(416,4)
(849,2)
(1899,74)
(1664,9)
(-168,8)
(1293,10)
(1689,27)
(419,1)
(592,3)
(345,1)
(656,5)
(740,9)
(1420,9)
(1553,17)
(1792,47)
(1597,35)
(-10,4)
(507,10)
(134,6)
(667,2)
(1503,26)
(138,6)
(-299,3)
(1829,30)
(-67,13)
(1583,11)
(794,3)
(793,4)
(28,4)
(1687,8)
(61,6)
(89,6)
(1137,6)
(1244,9)
(903,3)
(-109,1)
(761,5)
(496,8)
(1626,20)
(1521,27)
(693,1)
(1433,6)
(2007,75)
(755,6)
(1350,8)
(1984,108)
(1327,4)
(1844,33)
(513,8)
(785,8)
(150,11)
(-90,7)
(728,1)
(1005,13)
(-186,3)
(1342,9)
(1443,7)
(645,7)
(1557,16)
(1634,20)
(1663,13)
(1789,50)
(1605,22)
(519,6)
(1298,9)
(256,14)
(-86,5)
(1033,2)
(1400,20)
(22,6)
(930,6)
(1197,12)
(1057,6)
(1166,6)
(1489,10)
(399,8)
(99,1)
(-148,4)
(1509,17)
(566,1)
(899,3)
(952,2)
(1853,45)
(1371,13)
(965,6)
(1654,16)
(-54,8)
(1376,19)
(1725,11)
(1839,42)
(249,4)
(1504,22)
(1705,12)
(886,7)
(-240,9)
(796,3)
(1683,14)
(92,4)
(1748,16)
(-92,5)
(1156,10)
(1477,9)
(1934,114)
(1408,8)
(328,1)
(1779,26)
(-261,2)
(497,5)
(-99,1)
(433,3)
(1125,14)
(976,6)
(39,9)
(841,5)
(495,3)
(-46,13)
(1845,46)
(671,6)
(910,4)
(8,9)
(504,5)
(1708,17)
(-21,1)
(-76,3)
(-142,3)
(571,1)
(-22,4)
(287,4)
(1022,7)
(812,3)
(1588,18)
(1257,8)
(-66,9)
(1262,8)
(1020,5)
(1082,6)
(1662,17)
(650,6)
(1959,126)
(1040,6)
(1207,7)
(1250,25)
(562,7)
(856,5)
(1094,7)
(948,5)
(1790,30)
(217,9)
(102,6)
(1409,9)
(1701,16)
(760,4)
(1951,108)
(-131,5)
(861,4)
(797,2)
(42,8)
(1418,6)
(-212,15)
(1196,7)
(1340,7)
(1999,163)
(-279,8)
(506,4)
(1940,180)
(950,6)
(-174,1)
(-35,5)
(767,3)
(1888,67)
(543,1)
(-37,6)
(1431,12)
(1858,46)
(1436,11)
(229,5)
(935,11)
(1003,21)
(1065,3)
(-176,3)
(1841,41)
(334,5)
(1623,26)
(1815,38)
(1059,7)
(1560,21)
(1731,8)
(871,16)
(-258,6)
(268,9)
(626,6)
(173,3)
(654,5)
(1093,10)
(1170,9)
(1117,9)
(1006,5)
(242,4)
(1332,5)
(892,3)
(581,4)
(1049,6)
(781,6)
(73,7)
(1189,9)
(583,5)
(648,2)
(94,4)
(183,1)
(431,9)
(177,7)
(646,4)
(1146,9)
(1136,7)
(1485,9)
(1530,12)
(129,3)
(1035,8)
(827,7)
(1383,11)
(-232,3)
(1585,11)
(162,3)
(354,6)
(988,9)
(817,4)
(554,8)
(1883,62)
(1318,9)
(1302,16)
(580,4)
(421,8)
(473,6)
(1538,13)
(286,4)
(1348,14)
(920,7)
(-47,10)
(1246,9)
(1612,18)
(997,6)
(1235,8)
(1788,38)
(1224,6)
(805,4)
(1942,197)
(1931,78)
(1811,31)
(1897,61)
(1112,7)
(-190,9)
(313,10)
(1793,37)
(153,2)
(1860,63)
(1476,4)
(545,2)
(-179,5)
(1260,24)
(1086,6)
(1274,13)
(1413,6)
(-152,1)
(124,4)
(151,3)
(1749,5)
(608,6)
(314,7)
(896,6)
(1661,11)
(1948,138)
(630,7)
(663,5)
(1581,12)
(1205,8)
(1393,16)
(335,10)
(968,4)
(-147,6)
(223,2)
(1343,5)
(1439,10)
(74,5)
(723,2)
(906,2)
(-284,5)
(1591,18)
(285,6)
(1834,35)
(724,3)
(1926,104)
(281,1)
(188,3)
(253,9)
(1994,162)
(883,4)
(-293,4)
(1755,17)
(927,7)
(1083,5)
(332,3)
(-137,5)
(-280,12)
(702,4)
(-32,6)
(1388,18)
(523,9)
(889,12)
(1424,3)
(1602,16)
(1524,11)
(1714,12)
(1506,9)
(629,9)
(846,6)
(13,5)
(-253,7)
(1441,10)
(-166,6)
(617,5)
(853,2)
(1154,12)
(333,5)
(1142,5)
(1328,6)
(23,6)
(292,2)
(-183,4)
(1494,16)
(-153,4)
(237,4)
(1507,11)
(274,9)
(1233,9)
(1982,164)
(860,6)
(1034,4)
(1544,16)
(409,6)
(-127,1)
(1004,13)
(-94,5)
(-252,2)
(462,5)
(-130,1)
(128,8)
(331,5)
(821,3)
(-230,6)
(1637,19)
(-297,6)
(382,5)
(532,8)
(842,9)
(1134,40)
(1381,13)
(272,10)
(403,6)
(37,6)
(625,2)
(1742,28)
(164,6)
(1334,3)
(429,8)
(368,4)
(-111,5)
(1325,7)
(1950,159)
(1660,24)
(44,8)
(276,8)
(576,3)
(-122,2)
(1382,20)
(1555,24)
(1032,2)
(322,1)
(1886,52)
(1721,10)
(1126,11)
(1345,13)
(1576,10)
(1627,13)
(1690,22)
(423,4)
(231,3)
(738,3)
(476,12)
(1322,8)
(-159,2)
(1818,27)
(75,8)
(524,5)
(651,4)
(-115,4)
(55,4)
(517,4)
(1988,141)
(435,8)
(641,5)
(1919,131)
(1270,16)
(522,4)
(-89,8)
(1168,5)
(-132,3)
(-13,4)
(197,9)
(17,10)
(-50,5)
(-220,14)
(1176,12)
(1194,13)
(810,6)
(1417,5)
(-264,8)
(-167,6)
(262,3)
(1447,6)
(1243,4)
(1529,25)
(361,9)
(800,2)
(180,15)
(445,5)
(1088,10)
(696,1)
(1204,14)
(1043,9)
(1651,11)
(1921,116)
(1510,9)
(1109,10)
(1629,25)
(-257,3)
(1621,24)
(459,5)
(783,1)
(1432,6)
(-11,3)
(966,1)
(1460,8)
(1977,165)
(1541,15)
(1463,5)
(163,1)
(349,2)
(1505,18)
(1404,13)
(820,5)
(1785,21)
(295,4)
(59,6)
(987,6)
(573,2)
(924,6)
(1048,7)
(1522,13)
(1791,26)
(-199,3)
(895,5)
(595,6)
(367,10)
(1508,5)
(1265,15)
(1071,5)
(1674,9)
(655,6)
(-4,2)
(1209,12)
(20,4)
(-205,13)
(891,4)
(-187,4)
(694,5)
(1722,15)
(986,8)
(1754,10)
(-112,2)
(1075,9)
(1360,6)
(1157,7)
(1407,6)
(207,2)
(634,5)
(1230,7)
(1336,6)
(1543,14)
(1465,8)
(1300,11)
(904,6)
(1794,26)
(1648,19)
(-68,5)
(457,8)
(264,2)
(829,11)
(951,6)
(962,4)
(735,3)
(1453,8)
(302,4)
(-31,11)
(221,3)
(107,7)
(1092,4)
(6,18)
(1161,5)
(541,6)
(1398,21)
(1659,23)
(624,3)
(1403,24)
(86,5)
(579,7)
(1880,29)
(1106,4)
(135,6)
(1902,52)
(1935,75)
(1474,4)
(184,8)
(511,7)
(666,4)
(1781,36)
(110,5)
(171,5)
(-49,15)
(-215,7)
(828,8)
(1578,12)
(1848,63)
(1656,15)
(780,5)
(422,8)
(1449,9)
(-63,10)
(1861,93)
(-125,2)
(1365,9)
(267,5)
(1326,8)
(1764,15)
(216,6)
(881,5)
(778,3)
(937,3)
(-141,4)
(-237,2)
(-268,4)
(195,8)
(914,16)
(1879,48)
(1454,9)
(668,9)
(844,8)
(360,8)
(606,3)
(880,4)
(1653,16)
(-278,8)
(432,8)
(941,2)
(1802,26)
(1874,48)
(2008,176)
(1772,11)
(1960,180)
(283,6)
(960,9)
(-140,3)
(1045,8)
(1628,17)
(733,1)
(709,5)
(972,11)
(270,7)
(1211,7)
(-157,4)
(908,3)
(887,6)
(1730,7)
(1842,41)
(1938,167)
(1291,13)
(-3,2)
(319,4)
(288,2)
(1911,30)
(108,3)
(1501,20)
(1753,13)
(707,5)
(1305,4)
(1667,21)
(916,4)
(484,10)
(830,5)
(1058,8)
(1281,10)
(1333,8)
(48,10)
(1945,279)
(718,4)
(1974,53)
(-217,13)
(551,4)
(926,2)
(1099,9)
(32,4)
(897,6)
(679,1)
(393,6)
(-120,1)
(1614,11)
(1850,45)
(719,3)
(-221,10)
(1766,16)
(689,2)
(1255,13)
(782,4)
(119,4)
(-25,5)
(1450,16)
(1437,8)
(1658,12)
(1961,173)
(1933,138)
(1198,7)
(1563,7)
(1986,134)
(310,7)
(816,2)
(-23,10)
(-100,13)
(1633,11)
(1703,19)
(1915,76)
(1869,57)
(395,10)
(2011,49)
(1011,11)
(1427,14)
(-208,5)
(-60,4)
(269,7)
(848,5)
(1047,5)
(-238,10)
(1675,27)
(371,6)
(9,13)
(945,8)
(372,11)
(508,5)
(946,4)
(1910,29)
(1498,13)
(-129,8)
(1904,65)
(1715,13)
(605,5)
(1268,16)
(706,3)
(-245,4)
(710,8)
(1353,2)
(1208,7)
(1,19)
(1313,4)
(909,3)
(1228,10)
(2005,110)
(1735,18)
(1259,12)
(1924,85)
(638,4)
(1024,5)
(1906,37)
(840,3)
(155,7)
(1296,5)
(1254,21)
(57,9)
(21,6)
(-34,4)
(1784,25)
(-138,4)
(2000,121)
(15,8)
(1562,16)
(35,2)
(653,5)
(-33,5)
(1090,4)
(970,6)
(1920,137)
(-18,4)
(1885,68)
(1973,187)
(1939,161)
(1527,18)
(955,4)
(369,7)
(123,7)
(1800,28)
(213,3)
(420,6)
(1378,20)
(1992,230)
(751,8)
(-248,1)
(-163,4)
(122,5)
(95,6)
(1210,11)
(1644,22)
(834,5)
(275,6)
(1559,17)
(115,9)
(326,10)
(1478,11)
(-69,8)
(560,6)
(548,1)
(1152,10)
(1028,5)
(-8,1)
(165,9)
(377,11)
(45,9)
(1981,122)
(131,6)
(-93,4)
(807,9)
(677,3)
(763,4)
(776,2)
(-17,1)
(1810,42)
(1606,16)
(1349,12)
(1923,89)
(898,9)
(1996,260)
(1649,17)
(121,4)
(1878,62)
(-185,3)
(1481,13)
(63,5)
(11,4)
(298,8)
(1548,9)
(822,4)
(1609,33)
(1709,14)
(-275,4)
(1826,27)
(47,11)
(586,7)
(-189,4)
(246,3)
(936,8)
(486,3)
(1038,3)
(731,4)
(994,4)
(589,6)
(-97,10)
(103,4)
(351,8)
(964,4)
(1120,9)
(1806,32)
(1611,17)
(-43,17)
(1046,9)
(-287,6)
(1681,13)
(297,2)
(921,7)
(1160,12)
(725,3)
(1329,13)
(1421,6)
(1887,68)
(1593,6)
(1957,153)
(1236,9)
(599,4)
(737,11)
(561,5)
(-28,4)
(687,5)
(7,9)
(356,10)
(53,8)
(1249,18)
(591,6)
(1392,16)
(1537,17)
(1558,10)
(120,7)
(-14,3)
(366,8)
(-30,10)
(1799,31)
(214,6)
(501,7)
(-265,4)
(336,6)
(1373,14)
(-87,4)
(-229,7)
(1540,17)
(341,7)
(1488,9)
(-58,12)
(1716,19)
(132,7)
(1720,14)
(-1,4)
(-292,2)
(169,9)
(1551,15)
(1021,7)
(1574,8)
(-219,7)
(1523,7)
(481,5)
(744,13)
(1718,16)
(-108,3)
(-247,2)
(-192,6)
(1646,16)
(1978,163)
(688,2)
(587,8)
(374,3)
(609,6)
(882,5)
(1042,12)
(1163,9)
(1064,6)
(308,7)
(982,5)
(-134,5)
(-195,9)
(1025,4)
(1762,20)
(1036,4)
(1624,27)
(-222,6)
(1330,4)
(1169,7)
